0.003
0.003
0.003
0.003
0.003
0.003
0.030
0.025
0.025
0.002
0.002
0.002
0.003
0.002
0.002
0.025
0.026
0.025
0.004
0.004
0.004
0.004
0.004
0.004
0.117
0.110
0.110
0.004
0.004
0.004
0.004
0.004
0.004
0.110
0.112
0.106
0.003
0.003
0.003
0.003
0.003
0.003
0.035
0.026
0.026
0.002
0.002
0.002
0.002
0.002
0.002
0.025
0.026
0.024
0.004
0.004
0.004
0.004
0.004
0.004
0.111
0.111
0.108
0.004
0.004
0.004
0.004
0.004
0.004
0.111
0.106
0.109
0.001
0.001
0.002
0.002
0.001
0.001
0.001
0.001
0.001
0.001
0.001
0.001
0.001
0.001
0.002
0.001
0.001
0.001
0.001
0.001
0.001
0.001
0.001
0.001
0.001
0.001
0.001
0.001
0.001
0.001
0.001
0.001
0.001
0.001
0.001
0.001
0.003
0.004
0.004
0.004
0.004
0.004
0.036
0.025
0.025
0.002
0.002
0.008
0.008
0.008
0.008
0.025
0.025
0.025
0.013
0.012
0.012
0.013
0.006
0.006
0.119
0.114
0.106
0.004
0.004
0.004
0.004
0.004
0.004
0.105
0.109
0.105
